 &plot nbnd=  25, nks=    71 /
            0.497809  0.497809  0.497809
  -53.505  -27.366  -27.366  -27.366  -22.085   -5.931   -5.931   -5.931   -4.461   -4.461
   -4.461    5.224    5.944    5.944    6.524    6.524    6.524   10.358   10.358   10.358
   13.858   13.858   13.858   17.588   17.588
            0.472918  0.472918  0.472918
  -53.505  -27.365  -27.365  -27.365  -22.085   -5.957   -5.936   -5.936   -4.453   -4.453
   -4.437    5.242    5.954    5.954    6.514    6.529    6.529   10.338   10.338   10.350
   13.845   13.847   13.847   17.582   17.582
            0.448028  0.448028  0.448028
  -53.505  -27.365  -27.365  -27.365  -22.087   -6.029   -5.950   -5.950   -4.432   -4.432
   -4.370    5.295    5.984    5.984    6.487    6.547    6.547   10.279   10.279   10.325
   13.809   13.815   13.815   17.536   17.536
            0.423137  0.423137  0.423137
  -53.505  -27.364  -27.364  -27.364  -22.089   -6.135   -5.972   -5.972   -4.398   -4.398
   -4.275    5.379    6.032    6.032    6.451    6.576    6.576   10.187   10.187   10.284
   13.750   13.762   13.762   17.436   17.436
            0.398247  0.398247  0.398247
  -53.505  -27.363  -27.363  -27.363  -22.091   -6.260   -5.999   -5.999   -4.356   -4.356
   -4.166    5.486    6.097    6.097    6.421    6.620    6.620   10.071   10.071   10.230
   13.669   13.690   13.690   17.291   17.291
            0.373357  0.373357  0.373357
  -53.505  -27.362  -27.362  -27.362  -22.095   -6.393   -6.029   -6.029   -4.308   -4.308
   -4.057    5.602    6.178    6.178    6.418    6.678    6.678    9.941    9.941   10.163
   13.569   13.600   13.600   17.110   17.110
            0.348466  0.348466  0.348466
  -53.505  -27.360  -27.360  -27.360  -22.099   -6.527   -6.059   -6.059   -4.259   -4.259
   -3.956    5.709    6.272    6.272    6.469    6.754    6.754    9.808    9.808   10.085
   13.452   13.492   13.492   16.897   16.897
            0.323576  0.323576  0.323576
  -53.505  -27.359  -27.358  -27.358  -22.103   -6.656   -6.087   -6.087   -4.212   -4.212
   -3.871    5.793    6.376    6.376    6.593    6.850    6.850    9.679    9.679   10.000
   13.319   13.370   13.370   16.658   16.658
            0.298685  0.298685  0.298685
  -53.505  -27.357  -27.356  -27.356  -22.108   -6.777   -6.111   -6.111   -4.170   -4.170
   -3.806    5.860    6.485    6.485    6.788    6.967    6.967    9.564    9.564    9.909
   13.172   13.235   13.235   16.396   16.396
            0.273795  0.273795  0.273795
  -53.506  -27.355  -27.354  -27.354  -22.113   -6.886   -6.131   -6.131   -4.135   -4.135
   -3.765    5.930    6.596    6.596    7.035    7.107    7.107    9.469    9.469    9.815
   13.014   13.089   13.089   16.118   16.118
            0.248904  0.248904  0.248904
  -53.506  -27.353  -27.352  -27.352  -22.119   -6.981   -6.145   -6.145   -4.109   -4.109
   -3.749    6.016    6.705    6.705    7.269    7.269    7.318    9.401    9.401    9.720
   12.847   12.934   12.934   15.827   15.827
            0.224014  0.224014  0.224014
  -53.506  -27.351  -27.350  -27.350  -22.124   -7.062   -6.154   -6.154   -4.092   -4.092
   -3.757    6.127    6.809    6.809    7.454    7.454    7.626    9.364    9.364    9.627
   12.673   12.772   12.772   15.528   15.528
            0.199123  0.199123  0.199123
  -53.506  -27.349  -27.348  -27.348  -22.130   -7.128   -6.157   -6.157   -4.084   -4.084
   -3.786    6.260    6.904    6.904    7.658    7.658    7.949    9.362    9.362    9.538
   12.495   12.603   12.603   15.226   15.226
            0.174233  0.174233  0.174233
  -53.506  -27.347  -27.346  -27.346  -22.136   -7.180   -6.156   -6.156   -4.085   -4.085
   -3.833    6.412    6.986    6.986    7.879    7.879    8.281    9.394    9.394    9.455
   12.317   12.430   12.430   14.928   14.928
            0.149343  0.149343  0.149343
  -53.506  -27.345  -27.345  -27.345  -22.141   -7.218   -6.150   -6.150   -4.093   -4.093
   -3.892    6.575    7.055    7.055    8.112    8.112    8.613    9.379    9.458    9.458
   12.143   12.252   12.252   14.639   14.639
            0.124452  0.124452  0.124452
  -53.506  -27.343  -27.343  -27.343  -22.146   -7.244   -6.141   -6.141   -4.106   -4.106
   -3.956    6.738    7.110    7.110    8.351    8.351    8.939    9.313    9.548    9.548
   11.974   12.073   12.073   14.366   14.366
            0.099562  0.099562  0.099562
  -53.506  -27.342  -27.342  -27.342  -22.150   -7.261   -6.131   -6.131   -4.122   -4.122
   -4.021    6.892    7.151    7.151    8.586    8.586    9.248    9.256    9.655    9.655
   11.815   11.895   11.895   14.119   14.119
            0.074671  0.074671  0.074671
  -53.506  -27.341  -27.340  -27.340  -22.154   -7.270   -6.121   -6.121   -4.138   -4.138
   -4.078    7.024    7.180    7.180    8.804    8.804    9.212    9.527    9.767    9.767
   11.671   11.725   11.725   13.907   13.907
            0.049781  0.049781  0.049781
  -53.506  -27.340  -27.340  -27.340  -22.156   -7.275   -6.113   -6.113   -4.151   -4.151
   -4.124    7.127    7.199    7.199    8.986    8.986    9.179    9.757    9.869    9.869
   11.548   11.575   11.575   13.743   13.743
            0.024890  0.024890  0.024890
  -53.506  -27.339  -27.339  -27.339  -22.158   -7.277   -6.107   -6.107   -4.160   -4.160
   -4.153    7.192    7.210    7.210    9.109    9.109    9.159    9.914    9.943    9.943
   11.461   11.468   11.468   13.638   13.638
            0.000000  0.000000  0.000000
  -53.506  -27.339  -27.339  -27.339  -22.158   -7.277   -6.105   -6.105   -4.163   -4.163
   -4.163    7.214    7.214    7.214    9.153    9.153    9.153    9.971    9.971    9.971
   11.429   11.429   11.429   13.602   13.602
            0.033187  0.000000  0.000000
  -53.506  -27.339  -27.339  -27.339  -22.158   -7.277   -6.108   -6.105   -4.162   -4.162
   -4.154    7.198    7.213    7.213    9.134    9.134    9.142    9.930    9.958    9.958
   11.430   11.462   11.462   13.602   13.644
            0.066374  0.000000  0.000000
  -53.506  -27.340  -27.339  -27.339  -22.157   -7.277   -6.116   -6.103   -4.160   -4.160
   -4.130    7.150    7.212    7.212    9.079    9.079    9.110    9.813    9.925    9.925
   11.433   11.554   11.554   13.603   13.763
            0.099562  0.000000  0.000000
  -53.506  -27.342  -27.339  -27.339  -22.155   -7.277   -6.125   -6.101   -4.157   -4.157
   -4.091    7.072    7.209    7.209    8.993    8.993    9.061    9.639    9.881    9.881
   11.439   11.691   11.691   13.604   13.941
            0.132749  0.000000  0.000000
  -53.506  -27.344  -27.339  -27.339  -22.153   -7.280   -6.135   -6.098   -4.153   -4.153
   -4.042    6.969    7.206    7.206    8.882    8.882    8.995    9.429    9.833    9.833
   11.447   11.858   11.858   13.605   14.156
            0.165936  0.000000  0.000000
  -53.506  -27.347  -27.339  -27.339  -22.151   -7.287   -6.140   -6.095   -4.148   -4.148
   -3.984    6.843    7.202    7.202    8.757    8.757    8.919    9.203    9.787    9.787
   11.457   12.042   12.042   13.607   14.390
            0.199123  0.000000  0.000000
  -53.506  -27.350  -27.338  -27.338  -22.148   -7.298   -6.138   -6.090   -4.143   -4.143
   -3.922    6.702    7.199    7.199    8.624    8.624    8.836    8.974    9.744    9.744
   11.468   12.232   12.232   13.608   14.628
            0.232311  0.000000  0.000000
  -53.506  -27.353  -27.338  -27.338  -22.145   -7.314   -6.128   -6.086   -4.137   -4.137
   -3.859    6.550    7.196    7.196    8.491    8.491    8.749    8.755    9.704    9.704
   11.479   12.421   12.421   13.610   14.860
            0.265498  0.000000  0.000000
  -53.506  -27.356  -27.338  -27.338  -22.142   -7.334   -6.111   -6.082   -4.130   -4.130
   -3.797    6.395    7.194    7.194    8.363    8.363    8.551    8.664    9.667    9.667
   11.491   12.604   12.604   13.611   15.077
            0.298685  0.000000  0.000000
  -53.506  -27.359  -27.338  -27.338  -22.139   -7.357   -6.087   -6.077   -4.124   -4.124
   -3.740    6.243    7.193    7.193    8.243    8.243    8.368    8.584    9.634    9.634
   11.503   12.773   12.773   13.612   15.275
            0.331872  0.000000  0.000000
  -53.506  -27.362  -27.338  -27.338  -22.136   -7.381   -6.073   -6.059   -4.119   -4.119
   -3.688    6.101    7.194    7.194    8.134    8.134    8.210    8.510    9.605    9.605
   11.514   12.926   12.926   13.613   15.448
            0.365060  0.000000  0.000000
  -53.506  -27.365  -27.338  -27.338  -22.133   -7.403   -6.069   -6.031   -4.113   -4.113
   -3.644    5.975    7.196    7.196    8.041    8.041    8.078    8.447    9.580    9.580
   11.524   13.057   13.057   13.614   15.594
            0.398247  0.000000  0.000000
  -53.506  -27.367  -27.337  -27.337  -22.131   -7.423   -6.066   -6.005   -4.109   -4.109
   -3.609    5.871    7.200    7.200    7.964    7.964    7.974    8.396    9.561    9.561
   11.532   13.163   13.163   13.615   15.710
            0.431434  0.000000  0.000000
  -53.506  -27.369  -27.337  -27.337  -22.130   -7.438   -6.064   -5.985   -4.106   -4.106
   -3.583    5.794    7.204    7.204    7.900    7.907    7.907    8.359    9.547    9.547
   11.538   13.240   13.240   13.615   15.794
            0.464621  0.000000  0.000000
  -53.506  -27.370  -27.337  -27.337  -22.129   -7.448   -6.063   -5.971   -4.104   -4.104
   -3.567    5.746    7.206    7.206    7.855    7.872    7.872    8.336    9.538    9.538
   11.542   13.288   13.288   13.616   15.845
            0.497809  0.000000  0.000000
  -53.506  -27.370  -27.337  -27.337  -22.128   -7.451   -6.062   -5.967   -4.104   -4.104
   -3.562    5.730    7.208    7.208    7.840    7.860    7.860    8.328    9.535    9.535
   11.544   13.304   13.304   13.616   15.862
            0.497809  0.033187  0.000000
  -53.506  -27.370  -27.338  -27.337  -22.128   -7.445   -6.062   -5.972   -4.103   -4.099
   -3.565    5.729    7.199    7.209    7.634    7.854    8.013    8.389    9.507    9.513
   11.572   13.304   13.304   13.646   15.877
            0.497809  0.066374  0.000000
  -53.506  -27.370  -27.339  -27.337  -22.127   -7.426   -6.060   -5.988   -4.101   -4.087
   -3.574    5.726    7.171    7.212    7.402    7.837    8.104    8.557    9.427    9.448
   11.652   13.303   13.303   13.728   15.923
            0.497809  0.099562  0.000000
  -53.506  -27.370  -27.340  -27.337  -22.126   -7.396   -6.058   -6.014   -4.097   -4.067
   -3.589    5.721    7.122    7.168    7.217    7.809    8.163    8.771    9.312    9.352
   11.773   13.301   13.303   13.847   16.002
            0.497809  0.132749  0.000000
  -53.506  -27.370  -27.342  -27.337  -22.125   -7.354   -6.056   -6.048   -4.093   -4.041
   -3.609    5.715    6.941    7.048    7.224    7.771    8.219    8.995    9.185    9.236
   11.923   13.299   13.306   13.982   16.115
            0.497809  0.165936  0.000000
  -53.506  -27.370  -27.345  -27.337  -22.123   -7.302   -6.087   -6.057   -4.087   -4.011
   -3.631    5.706    6.723    6.947    7.233    7.726    8.280    9.063    9.110    9.214
   12.091   13.297   13.314   14.115   16.261
            0.497809  0.199123  0.000000
  -53.506  -27.369  -27.348  -27.337  -22.121   -7.240   -6.130   -6.060   -4.081   -3.978
   -3.656    5.696    6.519    6.818    7.243    7.676    8.345    8.960    8.980    9.418
   12.267   13.295   13.330   14.234   16.436
            0.497809  0.232311  0.000000
  -53.506  -27.369  -27.351  -27.337  -22.119   -7.169   -6.175   -6.069   -4.074   -3.944
   -3.680    5.683    6.331    6.670    7.256    7.624    8.414    8.853    8.883    9.605
   12.443   13.293   13.354   14.334   16.632
            0.497809  0.265498  0.000000
  -53.506  -27.369  -27.354  -27.336  -22.116   -7.091   -6.220   -6.084   -4.067   -3.910
   -3.703    5.666    6.160    6.510    7.270    7.570    8.484    8.733    8.830    9.769
   12.615   13.291   13.388   14.413   16.837
            0.497809  0.298685  0.000000
  -53.506  -27.368  -27.357  -27.336  -22.114   -7.007   -6.263   -6.108   -4.060   -3.878
   -3.724    5.644    6.008    6.354    7.284    7.519    8.551    8.622    8.798    9.909
   12.776   13.289   13.430   14.474   17.040
            0.497809  0.331872  0.000000
  -53.505  -27.368  -27.360  -27.336  -22.112   -6.919   -6.301   -6.141   -4.053   -3.849
   -3.741    5.615    5.877    6.212    7.300    7.471    8.522    8.614    8.781   10.025
   12.921   13.287   13.478   14.521   17.231
            0.497809  0.365060  0.000000
  -53.505  -27.368  -27.363  -27.336  -22.110   -6.828   -6.335   -6.183   -4.048   -3.824
   -3.755    5.576    5.768    6.098    7.315    7.430    8.437    8.670    8.775   10.117
   13.046   13.286   13.526   14.555   17.398
            0.497809  0.398247  0.000000
  -53.505  -27.368  -27.365  -27.336  -22.109   -6.737   -6.362   -6.236   -4.043   -3.803
   -3.764    5.531    5.682    6.016    7.328    7.396    8.368    8.716    8.774   10.185
   13.148   13.285   13.571   14.579   17.536
            0.497809  0.431434  0.000000
  -53.505  -27.368  -27.366  -27.336  -22.108   -6.648   -6.383   -6.296   -4.039   -3.788
   -3.771    5.488    5.620    5.964    7.340    7.370    8.317    8.750    8.775   10.233
   13.223   13.285   13.608   14.595   17.639
            0.497809  0.464621  0.000000
  -53.505  -27.368  -27.367  -27.336  -22.107   -6.566   -6.395   -6.360   -4.037   -3.779
   -3.774    5.457    5.583    5.936    7.347    7.355    8.285    8.771    8.777   10.260
   13.269   13.284   13.632   14.604   17.702
            0.497809  0.497809  0.000000
  -53.505  -27.368  -27.368  -27.336  -22.107   -6.521   -6.399   -6.399   -4.036   -3.776
   -3.776    5.446    5.570    5.927    7.349    7.349    8.274    8.778    8.778   10.269
   13.284   13.284   13.640   14.607   17.723
            0.472918  0.472918  0.000000
  -53.505  -27.367  -27.367  -27.336  -22.107   -6.570   -6.398   -6.354   -4.037   -3.778
   -3.776    5.459    5.584    5.937    7.345    7.357    8.286    8.768    8.779   10.259
   13.274   13.277   13.630   14.604   17.699
            0.448028  0.448028  0.000000
  -53.505  -27.367  -27.367  -27.336  -22.108   -6.653   -6.393   -6.281   -4.040   -3.784
   -3.776    5.494    5.630    5.965    7.333    7.379    8.321    8.740    8.783   10.229
   13.244   13.255   13.602   14.594   17.628
            0.423137  0.423137  0.000000
  -53.505  -27.366  -27.366  -27.336  -22.109   -6.740   -6.386   -6.212   -4.044   -3.794
   -3.776    5.546    5.711    6.011    7.316    7.415    8.377    8.697    8.789   10.181
   13.196   13.219   13.556   14.577   17.514
            0.398247  0.398247  0.000000
  -53.505  -27.365  -27.365  -27.336  -22.111   -6.824   -6.376   -6.153   -4.049   -3.809
   -3.776    5.609    5.829    6.075    7.296    7.465    8.449    8.646    8.799   10.116
   13.129   13.168   13.493   14.553   17.358
            0.373357  0.373357  0.000000
  -53.506  -27.364  -27.363  -27.336  -22.113   -6.903   -6.363   -6.105   -4.056   -3.827
   -3.776    5.684    5.983    6.153    7.275    7.530    8.536    8.595    8.812   10.039
   13.046   13.103   13.412   14.521   17.167
            0.348466  0.348466  0.000000
  -53.506  -27.362  -27.362  -27.336  -22.116   -6.975   -6.348   -6.071   -4.064   -3.848
   -3.777    5.770    6.168    6.245    7.255    7.607    8.552    8.634    8.830    9.953
   12.948   13.025   13.317   14.483   16.945
            0.323576  0.323576  0.000000
  -53.506  -27.360  -27.360  -27.337  -22.119   -7.039   -6.331   -6.049   -4.073   -3.872
   -3.780    5.866    6.348    6.380    7.237    7.698    8.525    8.741    8.855    9.861
   12.837   12.933   13.209   14.437   16.696
            0.298685  0.298685  0.000000
  -53.506  -27.358  -27.358  -27.337  -22.123   -7.095   -6.311   -6.040   -4.082   -3.898
   -3.786    5.973    6.458    6.614    7.223    7.800    8.520    8.853    8.886    9.768
   12.717   12.828   13.088   14.383   16.427
            0.273795  0.273795  0.000000
  -53.506  -27.356  -27.355  -27.337  -22.127   -7.142   -6.290   -6.039   -4.092   -3.926
   -3.797    6.088    6.572    6.866    7.211    7.913    8.542    8.925    8.971    9.679
   12.588   12.712   12.958   14.322   16.141
            0.248904  0.248904  0.000000
  -53.506  -27.354  -27.353  -27.337  -22.131   -7.180   -6.268   -6.046   -4.102   -3.956
   -3.816    6.212    6.686    7.131    7.204    8.037    8.595    8.972    9.091    9.599
   12.453   12.585   12.818   14.254   15.843
            0.224014  0.224014  0.000000
  -53.506  -27.352  -27.351  -27.338  -22.135   -7.209   -6.245   -6.057   -4.112   -3.986
   -3.842    6.341    6.795    7.199    7.403    8.168    8.681    9.026    9.211    9.534
   12.315   12.450   12.671   14.180   15.539
            0.199123  0.199123  0.000000
  -53.506  -27.349  -27.349  -27.338  -22.139   -7.232   -6.222   -6.070   -4.121   -4.016
   -3.876    6.475    6.895    7.197    7.678    8.306    8.798    9.082    9.331    9.492
   12.176   12.307   12.517   14.101   15.233
            0.174233  0.174233  0.000000
  -53.506  -27.347  -27.347  -27.338  -22.143   -7.248   -6.199   -6.083   -4.130   -4.045
   -3.917    6.610    6.982    7.197    7.950    8.448    8.944    9.128    9.449    9.485
   12.038   12.159   12.357   14.018   14.931
            0.149343  0.149343  0.000000
  -53.506  -27.345  -27.345  -27.338  -22.146   -7.260   -6.177   -6.094   -4.138   -4.073
   -3.963    6.743    7.054    7.199    8.211    8.591    9.113    9.154    9.524    9.562
   11.906   12.011   12.193   13.934   14.640
            0.124452  0.124452  0.000000
  -53.506  -27.343  -27.343  -27.338  -22.150   -7.267   -6.157   -6.101   -4.146   -4.098
   -4.012    6.869    7.111    7.202    8.457    8.731    9.161    9.297    9.603    9.668
   11.781   11.866   12.026   13.850   14.366
            0.099562  0.099562  0.000000
  -53.506  -27.342  -27.342  -27.339  -22.153   -7.272   -6.140   -6.105   -4.152   -4.120
   -4.059    6.983    7.153    7.205    8.681    8.862    9.159    9.487    9.703    9.765
   11.668   11.729   11.860   13.772   14.118
            0.074671  0.074671  0.000000
  -53.506  -27.341  -27.341  -27.339  -22.155   -7.274   -6.125   -6.107   -4.156   -4.138
   -4.101    7.079    7.182    7.209    8.873    8.978    9.156    9.667    9.804    9.848
   11.570   11.609   11.702   13.704   13.906
            0.049781  0.049781  0.000000
  -53.506  -27.340  -27.340  -27.339  -22.157   -7.276   -6.114   -6.106   -4.160   -4.152
   -4.134    7.152    7.200    7.211    9.023    9.071    9.154    9.822    9.891    9.914
   11.494   11.513   11.564   13.649   13.742
            0.024890  0.024890  0.000000
  -53.506  -27.339  -27.339  -27.339  -22.158   -7.277   -6.108   -6.106   -4.162   -4.160
   -4.156    7.198    7.211    7.213    9.119    9.132    9.153    9.931    9.950    9.956
   11.446   11.450   11.465   13.614   13.638
            0.000000  0.000000  0.000000
  -53.506  -27.339  -27.339  -27.339  -22.158   -7.277   -6.105   -6.105   -4.163   -4.163
   -4.163    7.214    7.214    7.214    9.153    9.153    9.153    9.971    9.971    9.971
   11.429   11.429   11.429   13.602   13.602
